name: Infiltraitor
channels:
  - conda-forge
  - defaults
dependencies:
  - bzip2=1.0.8=h8ffe710_4
  - ca-certificates=2021.10.8=h5b45459_0
  - certifi=2021.5.30=py36ha15d459_0
  - freeglut=3.2.2=h0e60522_1
  - freetype=2.10.4=h546665d_1
  - icu=68.2=h0e60522_0
  - intel-openmp=2022.0.0=h57928b3_3663
  - jasper=2.0.33=h77af90b_0
  - jbig=2.1=h8d14728_2003
  - jpeg=9e=h8ffe710_0
  - lcms2=2.12=h2a16943_0
  - leptonica=1.78.0=h688788b_4
  - lerc=3.0=h0e60522_0
  - libarchive=3.5.2=hb45042f_1
  - libblas=3.9.0=13_win64_mkl
  - libcblas=3.9.0=13_win64_mkl
  - libclang=11.1.0=default_h5c34c98_1
  - libdeflate=1.10=h8ffe710_0
  - libiconv=1.16=he774522_0
  - liblapack=3.9.0=13_win64_mkl
  - liblapacke=3.9.0=13_win64_mkl
  - libopencv=4.5.3=py36h530cdb0_2
  - libpng=1.6.37=h1d00b33_2
  - libprotobuf=3.16.0=h7755175_0
  - libtiff=4.3.0=hc4061b1_3
  - libwebp=1.2.2=h57928b3_0
  - libwebp-base=1.2.2=h8ffe710_1
  - libxml2=2.9.12=hf5bbc77_1
  - libzlib=1.2.11=h8ffe710_1013
  - lz4-c=1.9.3=h8ffe710_1
  - lzo=2.10=he774522_1000
  - mkl=2022.0.0=h0e2418a_796
  - numpy=1.19.5=py36h4b40d73_2
  - olefile=0.46=pyh9f0ad1d_1
  - opencv=4.5.3=py36ha15d459_2
  - openjpeg=2.4.0=hb211442_1
  - openssl=1.1.1l=h8ffe710_0
  - pillow=8.3.2=py36h10c25d6_0
  - pip=20.0.2=py36_1
  - py-opencv=4.5.3=py36h5098b23_2
  - python=3.6.15=h39d44d4_0_cpython
  - python_abi=3.6=2_cp36m
  - qt=5.12.9=h5909a2a_4
  - setuptools=49.6.0=py36ha15d459_3
  - sqlite=3.37.0=h8ffe710_0
  - tbb=2021.5.0=h2d74725_0
  - tesseract=4.1.1=h17c68af_6
  - tesserocr=2.5.1=py36he2d232f_2
  - tk=8.6.12=h8ffe710_0
  - ucrt=10.0.20348.0=h57928b3_0
  - vc=14.2=hb210afc_6
  - vs2015_runtime=14.29.30037=h902a5da_6
  - wheel=0.37.1=pyhd8ed1ab_0
  - wincertstore=0.2=py36ha15d459_1006
  - xz=5.2.5=h62dcd97_1
  - zlib=1.2.11=h8ffe710_1013
  - zstd=1.5.2=h6255e5f_0
prefix: C:\Users\GeoEn\.conda\envs\Infiltraitor
